0.5
0.786039354607
0.765449164889
0.558049796189
0.741374265907
0.840955830049
0.469253606522
0.652037506686
0.188863305188
0.0
0.466231629116
0.536350467839
0.0
0.312152193327
0.0
0.0
0.0
0.2
0.4
0.0
0.543616889264
0.0
0.0
0.0
0.1
0.0356207187108
0.395030129909
0.89271688731
0.0
0.0354295055862
0.1
0.889046606027
0.404454631945
0.326185950714
0.440359945679
0.2
0.0
0.126529308257
0.0861353116147
0.2
0.0
0.0760187533432
0.523653436526
0.134334412779
0.0
0.0
0.163092975357
0.326185950714
0.672852170669
0.6
0.2
0.6
0.476185950714
0.540046883358
0.0
0.381240474108
0.207473561013
0.14250104349
0.0
0.470752810882
0.837664898534
0.2
0.163092975357
0.42044815719
0.182743996906
0.4
0.526185950714
0.496669246712
0.432142962434
0.0
0.0
0.4
0.320130855543
0.2
0.59072278741
0.348978770623
0.223167430422
0.163878788648
0.86686724751
0.703899355789
0.0
0.749689984268
0.4
0.0
0.571241437422
0.0
0.631153581033
0.0
0.1
0.366666666667
0.1
0.47541714478
0.185625987095
0.0
0.285715724963
0.450117684576
0.0380093766716
0.111639472054
0.438685280723
0.376425264542
