0.5
0.795809167065
0.728361394405
0.54676558823
0.760912376502
0.83312141103
0.469253606522
0.609860600411
0.20155933387
0.0
0.476975620609
0.491147166221
0.0
0.375127292784
0.0
0.0
0.0
0.2
0.4
0.0
0.582360162083
0.0
0.0
0.0
0.126185950714
0.0974980684752
0.395030129909
0.908432808066
0.0
0.0927440855764
0.1
0.842451923959
0.329564128033
0.4
0.447194615131
0.2
0.0
0.188685280723
0.0773705614469
0.2
0.0
0.0760187533432
0.523653436526
0.190972666101
0.0
0.0
0.163092975357
0.326185950714
0.77488510939
0.6
0.2
0.6
0.563092975357
0.524513230627
0.0
0.365130482044
0.138685280723
0.14510189765
0.0
0.521669717911
0.84099632544
0.2
0.166666666667
0.453357517758
0.172715583561
0.4
0.6
0.520827200041
0.42656235025
0.0
0.0630929753571
0.4
0.28537084002
0.274797949583
0.583583994365
0.252672450701
0.23762097145
0.163878788648
0.871238371287
0.750854582707
0.0
0.758875294972
0.4
0.0
0.577370561447
0.0
0.668060605676
0.0
0.1
0.4
0.0861353116147
0.495787045691
0.233060035752
0.0712414374216
0.310427413674
0.445086538129
0.0380093766716
0.103097179639
0.369253606522
0.386879363427
