0.5424405675941216
0.9048433681146754
0.7625985481140302
0.3840107847264882
0.7711829974649341
1.0
0.5855555626062982
0.7412586760254921
0.19031326377064928
0
0.5827946880103356
0.6806350867175731
0
0.2581042161277393
0
0
0.0
0.23981246656813146
0.8154648767857287
0
0.9427099990323233
0.0
0.0
0.0
0.0
0.0
0.6535403605551734
0.8585858272992666
0.0
0.06003715030609776
0.1781035935540111
0.8545987840133267
0.3708176142376206
0.23831305509425654
0.8792722444421069
0.6309297535714574
0.0
0.09797563950575584
0.0
0.75
0
0.3800937667159343
0.4225308705898338
0.0
0.0
0.0
0.6666666666666666
0.8868854556705135
0.4764202672733918
0.7623463300356241
0.6309297535714574
0.7649292170309064
0.5909260720050014
0.6376620562607137
0.0
0.19349570766825092
0.3800937667159343
0.06779095235709004
0.0
0.6846057829045841
0.9263767796563566
1.0
0.3800937667159343
0.3812636353880671
0.1597913855951283
1.0
0.7836037084784354
0.4764202672733918
0.22298473454851242
0.0
0.0
0.6199062332840657
0.5396864167549579
0.16369747519436978
0.46167358981688084
0.06779095235709004
0.30859300852717864
0.302818359780849
0.7841156125567823
0.8765250951036858
0
0.9399628496939022
0.8154648767857287
0
0.615926283143499
0
0.7416499180463674
0
0.0
0.5615443777322889
0.0
0.8087341427465957
0.3357144797573227
0.0
0.32737423870450916
0.6069955192750007
0.0
0.06343775459021642
0.20151514190050246
0.500700828153494
