0.4
0.869363592173
0.661804252649
0.52018644189
0.709681565712
0.899312450984
0.4
0.553139858715
0.109693249464
0.0
0.508758248382
0.374773654425
0.0
0.319673045981
0.0
0.0
0.0
0.396417719116
0.0
0.471241437422
0.585953468272
0.0760187533432
0.0
0.1
0.0
0.181295826647
0.504075013373
0.815361477005
0.042754534104
0.0380093766716
0.356358490443
0.680681029495
0.270265630933
0.1
0.553207793715
0.8
0.0
0.244953729725
0.190308998699
0.363092975357
0.0
0.45
0.765881364047
0.0
0.302204704057
0.0
0.4
0.4
0.559328086959
0.0630929753571
0.0
0.271241437422
0.0
0.628893505739
0.0
0.6
0.2
0.185934753559
0.0
0.474695036232
0.626185950714
0.2
0.0712414374216
0.512528860922
0.487473426262
0.0
0.4
0.417181117293
0.451836126071
0.131447436554
0.171241437422
0.0
0.493195974924
0.673302077761
0.525981104628
0.425866459627
0.322590002413
0.2
0.491700012701
0.759288782068
0.0
0.850029841703
0.2
0.2
0.136135311615
0.2
0.2
0.377370561447
0.465130482044
0.147260190765
0.0
0.360769893431
0.106749079033
0.0
0.321756030325
0.549810114662
0.063878788648
0.0604141453743
0.397427388136
0.507619073844
