1.0
1.0
0.4942925191339348
0.41913026630571515
0.6784580292820442
0.9365622454097836
0.40412694699568075
0.7837982106118415
0.27227672516710627
0
0.7425579601967754
0.4055441962681694
0
0.1687798522289681
0
0
0.0
0.14038609443307223
0.0
0.13539213147917575
1.0
0.1597913855951283
0.0
0.19031326377064928
0.0
0.34845906590102727
0.6211680283143676
0.8826728487262255
0.0
0.0
0.0
0.5743240484971375
0.40350543211441275
0.0
0.9427099990323233
0.8266540929346337
0.0
0.2799763282294866
0.0
0.6199062332840657
0.0
0.20151514190050246
0.544797658632303
0.0
0.46744351741228
0
0.7552983647632414
0.6934264036172708
0.6760263655796096
0.28077218886614447
0
0.5
0
0.4594501766463139
0.0
0.4211582832992167
0.3154648767857287
0.14178312608006854
0.0
0.7813684632183612
0.763562959714124
1.0
0.0
0.1336603706497412
0.46786029409766716
0
1.0
0.57991714021153
0.6950518040550306
0.0
0.0
0
0.23230604393401819
0.6545291005226114
0.2799763282294866
0.500700828153494
0.19929061267023143
0.14656879505245024
0.44905458774515716
0.7766223659028095
0
0.7295178306885599
1.0
1.0
0.2836037084784355
1.0
0.5
0.0
0.2874617380925426
0.18216449358756576
0
0.3110410193285423
0.12007430061219553
0.0
0.2532633541065531
0.5344186534257329
0.0
0.0
0.0
0.6319295351008005
