0.4
0.682670582769
0.689194565921
0.486860300228
0.721405726567
0.807871908958
0.4
0.544538550177
0.120926134114
0.0
0.539367714463
0.395977155543
0.0
0.400956341265
0.0
0.0
0.0
0.338685280723
0.0
0.471241437422
0.645388575381
0.0760187533432
0.0
0.1
0.0
0.207565241022
0.504075013373
0.815361477005
0.0
0.0761485964318
0.457376749036
0.611789711006
0.283941286607
0.1
0.579943137265
0.8
0.0
0.374500528589
0.134334412779
0.35
0.0
0.320438217254
0.757022851645
0.166666666667
0.302204704057
0.0
0.4
0.4
0.650807187888
0.1
0.0
0.3
0.0
0.581552378475
0.0
0.597427388136
0.2
0.147249472835
0.0
0.528227825057
0.613092975357
0.2
0.0666666666667
0.607147849209
0.546931066683
0.0
0.4
0.396626154118
0.45455481873
0.1
0.0630929753571
0.0
0.260205999133
0.680701988353
0.434944199096
0.333531528907
0.397695881951
0.238685280723
0.466987471143
0.73877023816
0.0
0.804181817028
0.2
0.2
0.263092975357
0.2
0.2
0.303556512161
0.43537084002
0.2391117287
0.0
0.396847861558
0.197776535499
0.0
0.309734322474
0.503349096545
0.0748449921342
0.0
0.32361333885
0.439823779017
