0.526185950714
0.674802713671
0.598702810111
0.709519284048
0.559319448664
0.791420906888
0.4
0.360632077268
0.242211952589
0.126185950714
0.4
0.530121677473
0.0
0.270862015286
0.0
0.0
0.0380626527541
0.0602059991328
0.138685280723
0.254741122894
0.616074517315
0.176018753343
0.0
0.0195951279012
0.126185950714
0.0
0.567725177558
0.911168356248
0.0
0.146987008766
0.0
0.815130482044
0.198948850723
0.0
0.610374274406
0.0
0.0
0.0958267178436
0.123981246657
0.2
0.0
0.319086409151
0.564611634505
0.304075013373
0.0
0.0
0.2
0.2
0.56683165699
0.26266652738
0.633333333333
0.319038568095
0.513092975357
0.429213045706
0.0
0.365014717091
0.2
0.0
0.0
0.600897701724
0.376018753343
0.2
0.313092975357
0.28658240431
0.263092975357
0.5
0.4
0.400344616372
0.320072982272
0.0
0.177370561447
0.4
0.3
0.282072793911
0.268519796834
0.475031799234
0.114603477268
0.0
0.648761852312
0.750432403486
0.4
0.787208068449
0.363092975357
0.4
0.848125962845
0.55
0.2
0.0270784262958
0.477370561447
0.126185950714
0.0
0.426556984216
0.176483190326
0.0270784262958
0.2
0.267325333985
0.200263270003
0.226357587806
0.326185950714
0.489025161774
