0.363092975357
0.668299041808
0.616991975548
0.58872225147
0.669651288119
0.774858295758
0.4
0.394533745944
0.28236685971
0.2
0.4
0.572691036081
0.0
0.375570545922
0.0
0.0
0.0380626527541
0.0630929753571
0.1
0.289691823776
0.604566079718
0.132739495039
0.0
0.0180428453928
0.2
0.0270784262958
0.580517109109
0.865806692877
0.0
0.204167267876
0.0
0.801358337791
0.228156215225
0.0
0.566520134886
0.0
0.0
0.150254486436
0.105426821476
0.2
0.0
0.271342710005
0.453358013107
0.22805626003
0.0
0.0
0.2
0.2
0.618929897711
0.156886072126
0.564871231438
0.486135311615
0.55
0.389679436993
0.0
0.335335398061
0.2
0.0301029995664
0.0
0.578990787827
0.376018753343
0.2
0.19642630869
0.241402321622
0.263092975357
0.5
0.4
0.457639147539
0.317502967285
0.0
0.226185950714
0.4
0.171241437422
0.431309217959
0.288861247948
0.462667914323
0.123313776229
0.0
0.569125579508
0.783606884431
0.4
0.787208068449
0.363092975357
0.4
0.818477117758
0.543067655807
0.2
0.0598179213347
0.357376749036
0.2
0.0
0.368623524781
0.278040326367
0.0380093766716
0.171241437422
0.312326224176
0.253279790568
0.221397709102
0.289278926071
0.462296077676
