0.5
0.7372716327395522
0.7456118737923657
0.3674333570524309
0.473988603570957
1.0
0.75
0.6967888756047144
0.5996509638716154
0.0
0.5579327884113513
0.35788499914577243
0
0.2868153886874069
0
0
0.0
0.0
0.25
0.09614715734857854
0.9180365386035431
0.08196346139645701
0.0
0.0
0.38685280723454163
0.0
0.34589994551074976
0.9399628496939022
0.0
0.31038756438284476
0.0
0.7039793924718452
0.3357144797573227
0.0
0.6760263655796096
0
0.0
0.0
0.1597913855951283
0.3333333333333333
0
0.09285825605119437
0.434255368827837
0.4756685304692662
0.0
0.0
1.0
0.6309297535714574
0.454249747884942
0.23230604393401819
0.36934595283166205
0.11441962494640397
0.5221293293344146
0.46461208786803637
0.0
0.34575936563980575
1.0
0.0
0
0.816487944797588
0.5672552734300702
0.6309297535714574
0.0
0.0718700645225042
0.11377041810078811
0.7164197765165128
0.8099531166420328
0.6082354132225195
0.1943509759015365
0.0
0.12663167705327655
0.75
0.319393943239799
0.5240786431862196
0.2639364841142927
0.5084546302044864
0.09515663188532464
0.0
0.5362132092813989
0.9399628496939022
0.5
1.0
0.9502344167898358
1.0
0.6592952146290352
0.7813636277104522
1.0
0.0
0.319393943239799
0.3562071871080222
0
0.3441053896550835
0.2938608055537347
0.0
0.28077218886614447
0.43886912199173017
0.3427598966236506
0.39235102577930175
0.11377041810078811
0.5392209140168396
