0.138685280723
0.829449608215
0.502165653806
0.366666666667
0.773924279735
0.790981861317
0.6
0.290046883358
0.232271576583
0.0
0.603556512161
0.449553986106
0.0
0.379466207612
0.0
0.0
0.035472860316
0.0
0.2
0.735620718711
0.440654527844
0.0760187533432
0.0
0.0200026143228
0.138685280723
0.0
0.542723223041
0.661990623328
0.0
0.428669335671
0.55
0.694430384266
0.212384489592
0.163092975357
0.617855522731
0.143067655807
0.0
0.278714998435
0.265562241364
0.526185950714
0.0
0.126185950714
0.350594443377
0.374047531169
0.2
0.0
0.2
0.6
0.411565940869
0.2
0.538309592687
0.4
0.426185950714
0.285836674678
0.0
0.2
0.690046883358
0.1391117287
0.0
0.49945983876
0.612308875546
0.4
0.2
0.524649766091
0.426690502848
0.4
0.2
0.341107927788
0.39091062219
0.0253395844477
0.126185950714
0.3
0.081295826647
0.268279938315
0.363092975357
0.532186492515
0.222289187938
0.2
0.489137379439
0.535943491319
0.0
0.83585087737
0.0
0.0
0.559614831896
0.0
0.433333333333
0.207518968955
0.3
0.463092975357
0.327530387702
0.415001351389
0.0950323696811
0.2
0.26878828029
0.428182011736
0.0733020777614
0.249874764402
0.2
0.35062496498
