0.5
1.0
0.5088475297531644
0.6663180938082345
0.8579993882974453
0.93220904764291
0.5699546356691858
0.5919008281379633
0.47916741661181284
0.0
0.2857650373872901
0.35909311599961735
0.0
0.6640413119445868
0
0
0.0
0.0
1.0
0.8790780000963963
0.8056490240984635
0.0
0.0
0.0
0.3800937667159343
0.0
0.8792722444421069
0.7200236717705135
0.0
0.2020377620086525
0.763562959714124
0.8087341427465957
0.35909311599961735
0.5
0.9399628496939022
0.6934264036172708
0.0
0.2532633541065531
0.3434775810703913
0.8322826352853723
0
0.3154648767857287
0.19031326377064928
0.19095037161741785
0.38685280723454163
0.0
1.0
0.9502344167898358
0.3387058373938343
0.3800937667159343
0.2532633541065531
0.8154648767857287
0.3323548113551676
0.5211713549133883
0.0
1.0
0.7753926834409676
0.07809742170892058
0
0.515825930675616
0.7190131876516086
0.8154648767857287
0.6309297535714574
0.2587413239745079
0.24790240327538332
0.8154648767857287
1.0
0.332313875473204
0.4601419781363918
0.0
0.0
0.36009307028393744
0.0
0.3883395239181725
0.6663180938082345
0.2639364841142927
0.13706097493385985
0.3800937667159343
0.4416162713301512
0.49890627229782786
0
0.8799256993878046
0
0.0
0.5364574175794895
0
0.45791971679717963
0.0
0.4331643613405871
0.5665372262534345
0.42015151419005026
0.5235797327266083
0.07362322034364345
0.0
0.3788748389864684
0.590662299899034
0.06779095235709004
0.15558668174010046
1.0
0.4625899889377555
