0.138685280723
0.778217015328
0.513764864015
0.411649487245
0.793050035623
0.771415157126
0.6
0.356018439147
0.239023104872
0.0
0.597427388136
0.467268738899
0.0
0.446697096202
0.0
0.0
0.0240148601224
0.0
0.2
0.735620718711
0.420740692992
0.0760187533432
0.0
0.0241843999807
0.138685280723
0.0333333333333
0.542723223041
0.656720741696
0.0
0.418067103542
0.55
0.655440273952
0.235187944428
0.143067655807
0.64004057957
0.143067655807
0.0
0.342241792885
0.241986481096
0.526185950714
0.0
0.126185950714
0.235977867561
0.465982173041
0.2
0.0
0.2
0.6
0.493681506898
0.2
0.527873745245
0.4
0.5
0.285836674678
0.0
0.2
0.676182194973
0.2
0.0
0.498806515926
0.612308875546
0.4
0.2
0.56931023368
0.456828964317
0.4
0.2
0.330972616679
0.344544204602
0.0228839249893
0.0
0.3
0.0253395844477
0.275223349627
0.4
0.433456199408
0.241007871022
0.2
0.511295292069
0.565074315974
0.0
0.830128739241
0.0
0.0
0.592170440228
0.0
0.377370561447
0.206160631164
0.277370561447
0.463092975357
0.345654595662
0.375689045201
0.159380734125
0.2
0.274614143486
0.466914179007
0.0733020777614
0.217628664086
0.2
0.347246838911
