0.75
0.779129199417
0.58417466735
0.706160631164
0.514839842156
0.568942718484
0.589278926071
0.512166237627
0.0881327355695
0.0
0.579759642024
0.427760981084
0.0
0.259812507494
0.0
0.0
0.0
0.373197279291
0.6
0.2
0.533650926606
0.0
0.0561544377732
0.0430676558073
0.2
0.063878788648
0.31924741313
0.65
0.0386852807235
0.176350569429
0.0861353116147
0.851089974513
0.303111345754
0.0301029995664
0.198503288111
0.1
0.0
0.0
0.0955926924576
0.417681799293
0.0
0.111055468671
0.689148034513
0.1
0.3
0.260205999133
0.2
0.3
0.518375427288
0.498713694068
0.4
0.4
0.499321819786
0.6
0.0
0.147738381133
0.335620718711
0.186517215051
0.0
0.447015862326
0.695818182972
0.2
0.0666666666667
0.448455795237
0.229759642024
0.0
0.2
0.445624026607
0.444499604208
0.222612259405
0.0
0.2
0.576018753343
0.261990623328
0.352037506686
0.337871277749
0.344113415673
0.249320831105
0.415101401075
0.488928836683
0.326185950714
0.713092975357
0.0
0.2
0.374899644782
0.0
0.227370561447
0.177206259443
0.0
0.2
0.1
0.293412816161
0.0889276645774
0.0
0.0833919988998
0.488660462884
0.187860035305
0.0757495656744
0.1
0.531095429569
